# ============================================================
# IsospinSpace — Schur-Weyl 对偶：同位旋 × 置换群分解
# ============================================================
#
# 输入：粒子数 N、单粒子同位旋 j
# 输出：
#   1. 各总同位旋 J 下允许的 S_N 不可约表示 [κ]、重数
#   2. 各 [κ] 的 Yamanouchi 正交表示矩阵 R^{[κ]}(p)
#   3. 电荷态 → |J,M,[κ],a⟩ 的线性组合系数（CG 系数）
#
# 约定：Yamanouchi 正交表示，Condon-Shortley 相位

using LinearAlgebra

# ============ S_N 置换群元 ============

"""
    S_N 的群元，表示为 1-indexed 置换向量 p，其中 p[i] = 原位置 i 的粒子被置换到的位置。

群元按 BFS 顺序排列（从生成元 s₁=(12), s₂=(23), ... 出发）。
"""
const SN_ELEMENTS = Dict{Int, Vector{Vector{Int}}}()

# S_1: 1 个群元
SN_ELEMENTS[1] = [
    [1],  # 1: 恒等 e
]

# S_2: 2 个群元
SN_ELEMENTS[2] = [
    [1, 2],  # 1: 恒等 e
    [2, 1],  # 2: 对换 (12)
]

# S_3: 6 个群元 (BFS from s₁=(12), s₂=(23))
SN_ELEMENTS[3] = [
    [1, 2, 3],  # 1: e
    [2, 1, 3],  # 2: (12) = s₁
    [1, 3, 2],  # 3: (23) = s₂
    [3, 1, 2],  # 4: (132) = s₁s₂
    [2, 3, 1],  # 5: (123) = s₂s₁
    [3, 2, 1],  # 6: (13) = s₁s₂s₁
]

# S_4: 24 个群元 (BFS from s₁=(12), s₂=(23), s₃=(34))
SN_ELEMENTS[4] = [
    [1, 2, 3, 4],  # 1: e
    [2, 1, 3, 4],  # 2: (12)
    [1, 3, 2, 4],  # 3: (23)
    [1, 2, 4, 3],  # 4: (34)
    [3, 1, 2, 4],  # 5: (132)
    [2, 1, 4, 3],  # 6: (12)(34)
    [2, 3, 1, 4],  # 7: (123)
    [1, 4, 2, 3],  # 8: (243)
    [1, 3, 4, 2],  # 9: (234)
    [3, 2, 1, 4],  # 10: (13)
    [4, 1, 2, 3],  # 11: (1432)
    [3, 1, 4, 2],  # 12: (1342)
    [2, 4, 1, 3],  # 13: (1243)
    [1, 4, 3, 2],  # 14: (24)
    [2, 3, 4, 1],  # 15: (1234)
    [4, 2, 1, 3],  # 16: (143)
    [4, 1, 3, 2],  # 17: (142)
    [3, 2, 4, 1],  # 18: (134)
    [3, 4, 1, 2],  # 19: (13)(24)
    [2, 4, 3, 1],  # 20: (124)
    [4, 3, 1, 2],  # 21: (1423)
    [4, 2, 3, 1],  # 22: (14)
    [3, 4, 2, 1],  # 23: (1324)
    [4, 3, 2, 1],  # 24: (14)(23)
]

# ============ S_N 不可约表示矩阵 R^{[κ]}(p) ============

# Yamanouchi 正交表示矩阵，按 SN_ELEMENTS 顺序存储
const SN_MATRICES = Dict{Int, Dict{String, Vector{Matrix{Float64}}}}()

# ---- S_1 irreps (trivial) ----
SN_MATRICES[1] = Dict{String, Vector{Matrix{Float64}}}()
SN_MATRICES[1]["[1]"] = [
    fill(1.0, 1, 1),   # e
]

# ---- S_2 irreps (both 1D) ----
SN_MATRICES[2] = Dict{String, Vector{Matrix{Float64}}}()
SN_MATRICES[2]["[2]"] = [
    fill(1.0, 1, 1),   # e
    fill(1.0, 1, 1),   # (12)
]
SN_MATRICES[2]["[1,1]"] = [
    fill(1.0, 1, 1),   # e
    fill(-1.0, 1, 1),  # (12)
]

# ---- S_3 irreps ----
SN_MATRICES[3] = Dict{String, Vector{Matrix{Float64}}}()
# [3]: totally symmetric, 1D
SN_MATRICES[3]["[3]"] = [fill(1.0, 1, 1) for _ in 1:6]
# [2,1]: mixed symmetry, 2D Yamanouchi
SN_MATRICES[3]["[2,1]"] = [
    [1.0 0.0; 0.0 1.0],                                           # e
    [1.0 0.0; 0.0 -1.0],                                          # (12)
    [-0.5 0.8660254037844386; 0.8660254037844386 0.5],            # (23)
    [-0.5 -0.8660254037844386; 0.8660254037844386 -0.5],          # (132)
    [-0.5 0.8660254037844386; -0.8660254037844386 -0.5],          # (123)
    [-0.5 -0.8660254037844386; -0.8660254037844386 0.5],          # (13)
]

# [1,1,1]: totally antisymmetric, 1D — sign representation
SN_MATRICES[3]["[1,1,1]"] = [
    fill(1.0, 1, 1),    # e
    fill(-1.0, 1, 1),   # (12)
    fill(-1.0, 1, 1),   # (23)
    fill(1.0, 1, 1),    # (132)
    fill(1.0, 1, 1),    # (123)
    fill(-1.0, 1, 1),   # (13)
]

# ---- S_4 irreps ----
SN_MATRICES[4] = Dict{String, Vector{Matrix{Float64}}}()
# [4]: totally symmetric, 1D
SN_MATRICES[4]["[4]"] = [fill(1.0, 1, 1) for _ in 1:24]
# [3,1]: mixed, 3D Yamanouchi
SN_MATRICES[4]["[3,1]"] = [
    [1.0 0.0 0.0; 0.0 1.0 0.0; 0.0 0.0 1.0],                     # e
    [1.0 0.0 0.0; 0.0 1.0 0.0; 0.0 0.0 -1.0],                    # (12)
    [1.0 0.0 0.0; 0.0 -0.5 0.8660254037844386; 0.0 0.8660254037844386 0.5],  # (23)
    [-0.3333333333333333 0.9428090415820634 0.0; 0.9428090415820634 0.3333333333333333 0.0; 0.0 0.0 1.0],  # (34)
    [1.0 0.0 0.0; 0.0 -0.5 -0.8660254037844386; 0.0 0.8660254037844386 -0.5],  # (132)
    [-0.3333333333333333 0.9428090415820634 0.0; 0.9428090415820634 0.3333333333333333 0.0; 0.0 0.0 -1.0],  # (12)(34)
    [1.0 0.0 0.0; 0.0 -0.5 0.8660254037844386; 0.0 -0.8660254037844386 -0.5],  # (123)
    [-0.3333333333333333 -0.4714045207910317 0.8164965809277259; 0.9428090415820634 -0.16666666666666666 0.28867513459481287; 0.0 0.8660254037844386 0.5],  # (243)
    [-0.3333333333333333 0.9428090415820634 0.0; -0.4714045207910317 -0.16666666666666666 0.8660254037844386; 0.8164965809277259 0.28867513459481287 0.5],  # (234)
    [1.0 0.0 0.0; 0.0 -0.5 -0.8660254037844386; 0.0 -0.8660254037844386 0.5],  # (13)
    [-0.3333333333333333 -0.4714045207910317 -0.8164965809277259; 0.9428090415820634 -0.16666666666666666 -0.28867513459481287; 0.0 0.8660254037844386 -0.5],  # (1432)
    [-0.3333333333333333 0.9428090415820634 0.0; -0.4714045207910317 -0.16666666666666666 -0.8660254037844386; 0.8164965809277259 0.28867513459481287 -0.5],  # (1342)
    [-0.3333333333333333 -0.4714045207910317 0.8164965809277259; 0.9428090415820634 -0.16666666666666666 0.28867513459481287; 0.0 -0.8660254037844386 -0.5],  # (1243)
    [-0.3333333333333333 -0.4714045207910317 0.8164965809277259; -0.4714045207910317 0.8333333333333333 0.28867513459481287; 0.8164965809277259 0.28867513459481287 0.5],  # (24)
    [-0.3333333333333333 0.9428090415820634 0.0; -0.4714045207910317 -0.16666666666666666 0.8660254037844386; -0.8164965809277259 -0.28867513459481287 -0.5],  # (1234)
    [-0.3333333333333333 -0.4714045207910317 -0.8164965809277259; 0.9428090415820634 -0.16666666666666666 -0.28867513459481287; 0.0 -0.8660254037844386 0.5],  # (143)
    [-0.3333333333333333 -0.4714045207910317 -0.8164965809277259; -0.4714045207910317 0.8333333333333333 -0.28867513459481287; 0.8164965809277259 0.28867513459481287 -0.5],  # (142)
    [-0.3333333333333333 0.9428090415820634 0.0; -0.4714045207910317 -0.16666666666666666 -0.8660254037844386; -0.8164965809277259 -0.28867513459481287 0.5],  # (134)
    [-0.3333333333333333 -0.4714045207910317 0.8164965809277259; -0.4714045207910317 -0.6666666666666665 -0.5773502691896257; 0.8164965809277259 -0.5773502691896257 -0.0],  # (13)(24)
    [-0.3333333333333333 -0.4714045207910317 0.8164965809277259; -0.4714045207910317 0.8333333333333333 0.28867513459481287; -0.8164965809277259 -0.28867513459481287 -0.5],  # (124)
    [-0.3333333333333333 -0.4714045207910317 -0.8164965809277259; -0.4714045207910317 -0.6666666666666665 0.5773502691896257; 0.8164965809277259 -0.5773502691896257 0.0],  # (1423)
    [-0.3333333333333333 -0.4714045207910317 -0.8164965809277259; -0.4714045207910317 0.8333333333333333 -0.28867513459481287; -0.8164965809277259 -0.28867513459481287 0.5],  # (1432)?? actually it's (1432)
    [-0.3333333333333333 -0.4714045207910317 0.8164965809277259; -0.4714045207910317 -0.6666666666666665 -0.5773502691896257; -0.8164965809277259 0.5773502691896257 0.0],  # (1324)
    [-0.3333333333333333 -0.4714045207910317 -0.8164965809277259; -0.4714045207910317 -0.6666666666666665 0.5773502691896257; -0.8164965809277259 0.5773502691896257 -0.0],  # (14)(23)
]
# [2,2]: mixed, 2D Yamanouchi
SN_MATRICES[4]["[2,2]"] = [
    [1.0 0.0; 0.0 1.0],                                            # e
    [1.0 0.0; 0.0 -1.0],                                           # (12)
    [-0.5 0.8660254037844386; 0.8660254037844386 0.5],             # (23)
    [1.0 0.0; 0.0 -1.0],                                           # (34)
    [-0.5 -0.8660254037844386; 0.8660254037844386 -0.5],           # (132)
    [1.0 0.0; 0.0 1.0],                                            # (12)(34)
    [-0.5 0.8660254037844386; -0.8660254037844386 -0.5],           # (123)
    [-0.5 0.8660254037844386; -0.8660254037844386 -0.5],           # (243)
    [-0.5 -0.8660254037844386; 0.8660254037844386 -0.5],           # (234)
    [-0.5 -0.8660254037844386; -0.8660254037844386 0.5],           # (13)
    [-0.5 -0.8660254037844386; -0.8660254037844386 0.5],           # (1432)
    [-0.5 0.8660254037844386; 0.8660254037844386 0.5],             # (1342)
    [-0.5 0.8660254037844386; 0.8660254037844386 0.5],             # (1243)
    [-0.5 -0.8660254037844386; -0.8660254037844386 0.5],           # (24)
    [-0.5 -0.8660254037844386; -0.8660254037844386 0.5],           # (1234)
    [-0.5 -0.8660254037844386; 0.8660254037844386 -0.5],           # (143)
    [-0.5 0.8660254037844386; -0.8660254037844386 -0.5],           # (142)
    [-0.5 0.8660254037844386; -0.8660254037844386 -0.5],           # (134)
    [1.0 0.0; 0.0 1.0],                                            # (13)(24)
    [-0.5 -0.8660254037844386; 0.8660254037844386 -0.5],           # (124)
    [1.0 0.0; 0.0 -1.0],                                           # (1423)
    [-0.5 0.8660254037844386; 0.8660254037844386 0.5],             # (1432) actually
    [1.0 0.0; 0.0 -1.0],                                           # (1324)
    [1.0 0.0; 0.0 1.0],                                            # (14)(23)
]
# [2,1,1]: mixed, 3D Yamanouchi
SN_MATRICES[4]["[2,1,1]"] = [
    [1.0 0.0 0.0; 0.0 1.0 0.0; 0.0 0.0 1.0],                                           # e
    [1.0 0.0 0.0; 0.0 -1.0 0.0; 0.0 0.0 -1.0],                                          # (12)
    [-0.5 0.8660254037844386 0.0; 0.8660254037844386 0.5 0.0; 0.0 0.0 -1.0],            # (23)
    [-1.0 0.0 0.0; 0.0 -0.3333333333333333 0.9428090415820635; 0.0 0.9428090415820635 0.3333333333333333],  # (34)
    [-0.5 -0.8660254037844386 0.0; 0.8660254037844386 -0.5 0.0; 0.0 0.0 1.0],            # (132)
    [-1.0 0.0 0.0; 0.0 0.3333333333333333 -0.9428090415820635; 0.0 -0.9428090415820635 -0.3333333333333333],  # (12)(34)
    [-0.5 0.8660254037844386 0.0; -0.8660254037844386 -0.5 0.0; 0.0 0.0 1.0],            # (123)
    [0.5 -0.8660254037844386 0.0; -0.28867513459481287 -0.16666666666666666 -0.9428090415820635; 0.816496580927726 0.47140452079103173 -0.3333333333333333],  # (243)
    [0.5 -0.28867513459481287 0.816496580927726; -0.8660254037844386 -0.16666666666666666 0.47140452079103173; 0.0 -0.9428090415820635 -0.3333333333333333],  # (234)
    [-0.5 -0.8660254037844386 0.0; -0.8660254037844386 0.5 0.0; 0.0 0.0 -1.0],            # (13)
    [0.5 0.8660254037844386 0.0; -0.28867513459481287 0.16666666666666666 0.9428090415820635; 0.816496580927726 -0.47140452079103173 0.3333333333333333],  # (1432)
    [0.5 0.28867513459481287 -0.816496580927726; -0.8660254037844386 0.16666666666666666 -0.47140452079103173; 0.0 0.9428090415820635 0.3333333333333333],  # (1342)
    [0.5 -0.8660254037844386 0.0; 0.28867513459481287 0.16666666666666666 0.9428090415820635; -0.816496580927726 -0.47140452079103173 0.3333333333333333],  # (1243)
    [-0.5 0.28867513459481287 -0.816496580927726; 0.28867513459481287 -0.8333333333333333 -0.47140452079103173; -0.816496580927726 -0.47140452079103173 0.3333333333333333],  # (24)
    [0.5 -0.28867513459481287 0.816496580927726; 0.8660254037844386 0.16666666666666666 -0.47140452079103173; 0.0 0.9428090415820635 0.3333333333333333],  # (1234)
    [0.5 0.8660254037844386 0.0; 0.28867513459481287 -0.16666666666666666 -0.9428090415820635; -0.816496580927726 0.47140452079103173 -0.3333333333333333],  # (143)
    [-0.5 -0.28867513459481287 0.816496580927726; 0.28867513459481287 0.8333333333333333 0.47140452079103173; -0.816496580927726 0.47140452079103173 -0.3333333333333333],  # (142)
    [0.5 0.28867513459481287 -0.816496580927726; 0.8660254037844386 -0.16666666666666666 0.47140452079103173; 0.0 -0.9428090415820635 -0.3333333333333333],  # (134)
    [0.0 0.5773502691896257 0.816496580927726; 0.5773502691896257 -0.6666666666666665 0.47140452079103173; 0.816496580927726 0.47140452079103173 -0.3333333333333333],  # (13)(24)
    [-0.5 0.28867513459481287 -0.816496580927726; -0.28867513459481287 0.8333333333333333 0.47140452079103173; 0.816496580927726 0.47140452079103173 -0.3333333333333333],  # (124)
    [0.0 -0.5773502691896257 -0.816496580927726; 0.5773502691896257 0.6666666666666665 -0.47140452079103173; 0.816496580927726 -0.47140452079103173 0.3333333333333333],  # (1423)
    [-0.5 -0.28867513459481287 0.816496580927726; -0.28867513459481287 -0.8333333333333333 -0.47140452079103173; 0.816496580927726 -0.47140452079103173 0.3333333333333333],  # (1432)
    [0.0 0.5773502691896257 0.816496580927726; -0.5773502691896257 0.6666666666666665 -0.47140452079103173; -0.816496580927726 -0.47140452079103173 0.3333333333333333],  # (1324)
    [0.0 -0.5773502691896257 -0.816496580927726; -0.5773502691896257 -0.6666666666666665 0.47140452079103173; -0.816496580927726 0.47140452079103173 -0.3333333333333333],  # (14)(23)
]

# ============ S_N 不可约表示查询函数 ============

"""
    get_SN_irrep_names(N::Int) -> Vector{String}

返回 N 粒子 S_N 群的所有不可约表示名称（当前支持的）。
"""
function get_SN_irrep_names(N::Int)
    if N == 1
        return ["[1]"]
    elseif N == 2
        return ["[2]", "[1,1]"]
    elseif N == 3
        return ["[3]", "[2,1]", "[1,1,1]"]
    elseif N == 4
        return ["[4]", "[3,1]", "[2,2]", "[2,1,1]"]
    else
        throw(ArgumentError("S_$N irreps not yet implemented"))
    end
end

"""
    get_SN_irrep_dim(N::Int, irrep::String) -> Int

返回不可约表示 [κ] 的维度。
"""
function get_SN_irrep_dim(N::Int, irrep::String)
    mats = get_SN_irrep_matrices(N, irrep)
    return size(mats[1], 1)
end

"""
    get_SN_irrep_matrices(N::Int, irrep::String) -> Vector{Matrix{Float64}}

返回 S_N 不可约表示 [κ] 在所有群元处的 Yamanouchi 正交表示矩阵 R^{[κ]}(p_i)。
索引 i 对应 SN_ELEMENTS[N][i]。
"""
function get_SN_irrep_matrices(N::Int, irrep::String)
    if haskey(SN_MATRICES, N) && haskey(SN_MATRICES[N], irrep)
        return SN_MATRICES[N][irrep]
    else
        throw(ArgumentError("S_$N irrep matrices not available for $irrep"))
    end
end

"""
    get_SN_irrep_matrix(N::Int, irrep::String, i::Int) -> Matrix{Float64}

返回 R^{[κ]}(p_i)，即第 i 个群元处的表示矩阵。
"""
function get_SN_irrep_matrix(N::Int, irrep::String, i::Int)
    return get_SN_irrep_matrices(N, irrep)[i]
end

"""
    get_SN_element_index(N::Int, p::Vector{Int}) -> Int

返回置换向量 p 在 SN_ELEMENTS[N] 中的索引。
"""
function get_SN_element_index(N::Int, p::Vector{Int})
    for (i, el) in enumerate(SN_ELEMENTS[N])
        if el == p
            return i
        end
    end
    throw(ArgumentError("Permutation $p not found in S_$N elements"))
end

# ============ 同位旋分解表 ============

"""
    IsospinDecomposition

存储给定 (j, N) 的同位旋分解数据。

字段：
- j: 单粒子同位旋
- N: 粒子数
- entries: [(J, [κ], multiplicity), ...] 按 J 降序排列
  其中 multiplicity 是 S_N 不可约表示 [κ] 在总同位旋 J 下的重数
  （Yamanouchi 基指标 a=1,…,dim([κ]) 是表示矩阵的行指标，不同于重数）
"""
struct IsospinDecomposition
    j::Rational{Int}
    N::Int
    entries::Vector{Tuple{Rational{Int}, String, Int}}  # (J, [κ], multiplicity)
end

function Base.show(io::IO, d::IsospinDecomposition)
    println(io, "IsospinDecomposition (N=$(d.N), j=$(d.j)):")
    println(io, "  J    [κ]       multiplicity")
    println(io, "  ---- --------- ------------")
    for (J, irrep, mult) in d.entries
        println(io, "  $(lpad(string(J), 4)) $(rpad(irrep, 9)) $mult")
    end
end

"""
    isospin_decomposition(N::Int, j::Union{Rational{Int}, Int}) -> IsospinDecomposition

返回 N 个同位旋为 j 的粒子的 Schur-Weyl 分解。

返回所有 (总同位旋 J, S_N 不可约表示 [κ], 重数) 的三元组。
"""
function isospin_decomposition(N::Int, j::Union{Rational{Int}, Int})
    j_r = Rational{Int}(j)
    if N == 2 && j_r == 1//2
        return IsospinDecomposition(j_r, N, [
            (1//1, "[2]",    1),   # J=1, [2] 对称, 三重态
            (0//1, "[1,1]",  1),   # J=0, [1,1] 反对称, 单态
        ])
    elseif N == 3 && j_r == 1//2
        return IsospinDecomposition(j_r, N, [
            (3//2, "[3]",    1),   # J=3/2, [3] 全对称
            (1//2, "[2,1]",  1),   # J=1/2, [2,1] 混合对称, dim=2
        ])
    elseif N == 4 && j_r == 1//2
        return IsospinDecomposition(j_r, N, [
            (2//1, "[4]",    1),   # J=2, [4] 全对称
            (1//1, "[3,1]",  1),   # J=1, [3,1] 混合对称, dim=3
            (0//1, "[2,2]",  1),   # J=0, [2,2] 混合对称, dim=2
        ])
    elseif N == 2 && j_r == 1//1
        return IsospinDecomposition(j_r, N, [
            (2//1, "[2]",    1),   # J=2, [2] 对称
            (1//1, "[1,1]",  1),   # J=1, [1,1] 反对称
            (0//1, "[2]",    1),   # J=0, [2] 对称
        ])
    elseif N == 3 && j_r == 1//1
        return IsospinDecomposition(j_r, N, [
            (3//1, "[3]",       1),   # J=3, [3] 全对称
            (2//1, "[2,1]",     1),   # J=2, [2,1] 混合对称, dim=2
            (1//1, "[3]",       1),   # J=1, [3] + [2,1]
            (1//1, "[2,1]",     1),
            (0//1, "[1,1,1]",   1),   # J=0, [1,1,1] 全反对称
        ])
    elseif N == 4 && j_r == 1//1
        return IsospinDecomposition(j_r, N, [
            (4//1, "[4]",       1),   # J=4, [4] 全对称
            (3//1, "[3,1]",     1),   # J=3, [3,1] 混合对称, dim=3
            (2//1, "[4]",       1),   # J=2, [4] + [3,1] + [2,2]
            (2//1, "[3,1]",     1),
            (2//1, "[2,2]",     1),
            (1//1, "[3,1]",     1),   # J=1, [3,1] + [2,1,1]
            (1//1, "[2,1,1]",   1),
            (0//1, "[4]",       1),   # J=0, [4] + [2,2]
            (0//1, "[2,2]",     1),
        ])
    elseif N == 1
        return IsospinDecomposition(j_r, N, [(j_r, "[1]", 1)])
    else
        throw(ArgumentError("Isospin decomposition not yet implemented for N=$N, j=$j_r"))
    end
end

# ============ CG 系数：电荷态 → |J,M,[κ],a⟩ ============

"""
    ChargeToIsospinCG

存储给定 (j, N, J, [κ]) 的 CG 系数。

|J,M,[κ],a⟩ = Σ_{m₁,...,m_N} coeff[(m₁,...,m_N)] |m₁,...,m_N⟩

其中 a = 1,...,dim([κ]) 是 [κ] 的 Yamanouchi 基行指标。
"""
struct ChargeToIsospinCG{N}
    j::Rational{Int}
    J::Rational{Int}
    irrep::String    # [κ]
    multiplicity::Int
    dim_irrep::Int   # dim([κ])
    # coeffs[M][a] = Dict{m_tuple => coefficient}
    coeffs::Dict{Rational{Int}, Dict{Int, Dict{NTuple{N, Rational{Int}}, ComplexF64}}}
end

function Base.show(io::IO, cg::ChargeToIsospinCG{N}) where {N}
    n_states = sum(length(d) for M_dict in values(cg.coeffs) for a_dict in values(M_dict))
    println(io, "ChargeToIsospinCG (N=$N, j=$(cg.j), J=$(cg.J), [κ]=$(cg.irrep), mult=$(cg.multiplicity)): $n_states states")
end

# ---- 辅助函数：构建 CG 系数 ----

function _build_cg_coeffs(::Val{N}, j::Rational{Int}, J::Rational{Int},
                           irrep::String, multiplicity::Int, dim_irrep::Int,
                           terms_list) where {N}
    # terms_list: [(M, a, [(m_tuple, coeff_real), ...]), ...]
    coeffs = Dict{Rational{Int}, Dict{Int, Dict{NTuple{N, Rational{Int}}, ComplexF64}}}()
    for (M, a, term_vec) in terms_list
        if !haskey(coeffs, M)
            coeffs[M] = Dict{Int, Dict{NTuple{N, Rational{Int}}, ComplexF64}}()
        end
        if !haskey(coeffs[M], a)
            coeffs[M][a] = Dict{NTuple{N, Rational{Int}}, ComplexF64}()
        end
        for (mt, c) in term_vec
            coeffs[M][a][mt] = ComplexF64(c, 0.0)
        end
    end
    cg = ChargeToIsospinCG{N}(j, J, irrep, multiplicity, dim_irrep, coeffs)
    _fix_SU2_lowering!(cg, j)
    _fix_SN_signs!(cg)
    return cg
end

function _lowering_coeff(j_r::Rational{Int}, m::Rational{Int})
    # J_- |j,m⟩ = √(j(j+1)-m(m-1)) |j,m-1⟩
    return sqrt(Float64(j_r*(j_r+1) - m*(m-1)))
end

function _apply_J_lowering(m_config::NTuple{N,Rational{Int}}, j_r::Rational{Int}) where {N}
    result = Dict{NTuple{N,Rational{Int}}, Float64}()
    for i in 1:N
        m_i = m_config[i]
        c = _lowering_coeff(j_r, m_i)
        if abs(c) > 1e-14
            new_cfg = collect(m_config)
            new_cfg[i] = m_i - 1
            key = NTuple{N,Rational{Int}}(new_cfg)
            result[key] = get(result, key, 0.0) + c
        end
    end
    return result
end

function _fix_SU2_lowering!(cg::ChargeToIsospinCG{N}, j::Rational{Int}) where {N}
    M_values = sort(collect(keys(cg.coeffs)))
    length(M_values) <= 1 && return cg  # Only one M value, nothing to lower

    J_val = cg.J
    M_max = M_values[end]

    # For each M from J-1 down to -J, regenerate from M+1 via lowering
    for k in 1:length(M_values)-1
        M_upper = M_values[end - k + 1]
        M_lower = M_values[end - k]

        expected_factor = Float64(sqrt(J_val*(J_val+1) - M_upper*(M_upper-1)))
        a_keys = sort(collect(keys(cg.coeffs[M_upper])))

        new_lower_dict = Dict{Int, Dict{NTuple{N,Rational{Int}}, ComplexF64}}()
        for a in a_keys
            lowered = Dict{NTuple{N,Rational{Int}}, Float64}()
            for (mc, coeff) in cg.coeffs[M_upper][a]
                for (mc_new, lc) in _apply_J_lowering(mc, j)
                    lowered[mc_new] = get(lowered, mc_new, 0.0) + real(coeff) * lc
                end
            end

            # Normalize: divide by expected_factor
            new_coeff_dict = Dict{NTuple{N,Rational{Int}}, ComplexF64}()
            for (mc, val) in lowered
                new_coeff_dict[mc] = ComplexF64(val / expected_factor, 0.0)
            end
            new_lower_dict[a] = new_coeff_dict
        end
        cg.coeffs[M_lower] = new_lower_dict
    end

    return cg
end

function _apply_permutation_to_config(m_config::NTuple{N,Rational{Int}}, perm::Vector{Int}) where {N}
    perm_inv = similar(perm)
    for i in eachindex(perm)
        perm_inv[perm[i]] = i
    end
    return ntuple(i -> m_config[perm_inv[i]], N)
end

function _fix_SN_signs!(cg::ChargeToIsospinCG{N}) where {N}
    dim_irrep = cg.dim_irrep
    dim_irrep <= 1 && return cg  # 1D irreps always correct

    D_ref = get_SN_irrep_matrices(N, cg.irrep)
    SN_list = SN_ELEMENTS[N]

    M_values = sort(collect(keys(cg.coeffs)))
    M_max = M_values[end]  # J

    for M in M_values
        a_keys = sort(collect(keys(cg.coeffs[M])))
        length(a_keys) != dim_irrep && continue  # sanity check

        # Compute S_N matrices from CG coefficients
        mats = Vector{Matrix{Float64}}(undef, length(SN_list))
        for (p_idx, perm_vec) in enumerate(SN_list)
            mat = zeros(Float64, dim_irrep, dim_irrep)
            for (ai, a) in enumerate(a_keys)
                coeff_a = cg.coeffs[M][a]
                for (ab, b) in enumerate(a_keys)
                    dotprod = 0.0
                    for (mc, cb) in cg.coeffs[M][b]
                        mc_perm = _apply_permutation_to_config(mc, perm_vec)
                        if haskey(coeff_a, mc_perm)
                            dotprod += cb * coeff_a[mc_perm]
                        end
                    end
                    mat[ai, ab] = dotprod
                end
            end
            mats[p_idx] = mat
        end

        # Check if already correct
        if all(mats[i] ≈ D_ref[i] for i in 1:length(D_ref))
            continue
        end

        # Find diagonal ±1 fix
        found = false
        for combo in 0:(2^dim_irrep - 1)
            signs = [((combo >> k) & 1) == 1 ? -1.0 : 1.0 for k in 0:(dim_irrep-1)]
            T = diagm(signs)

            all_match = true
            for i in 1:length(D_ref)
                if !(T * mats[i] * T ≈ D_ref[i])
                    all_match = false
                    break
                end
            end

            if all_match
                # Apply transformation to CG coefficients
                new_M_dict = Dict{Int, Dict{NTuple{N, Rational{Int}}, ComplexF64}}()
                for (a_new_idx, a_new) in enumerate(a_keys)
                    new_coeff_dict = Dict{NTuple{N, Rational{Int}}, ComplexF64}()
                    for (a_old_idx, a_old) in enumerate(a_keys)
                        factor = signs[a_new_idx] * (a_new_idx == a_old_idx ? 1.0 : 0.0)  # T is diagonal
                        # Actually T_{a_new, a_old} = signs[a_new] if a_new == a_old, else 0
                        # But we used T = diagm(signs), and T * mats * T = D_ref
                        # So the basis transforms as |a'_new⟩ = sum_a T_{a_new, a} |a⟩
                        # where we stored signs as T = diagm(signs)
                        # So T_{a_new, a} = signs[a_new] * delta_{a_new, a}
                        if a_new == a_old && abs(signs[a_new_idx] - 1.0) < 1e-10
                            new_coeff_dict = copy(cg.coeffs[M][a_new])
                        elseif a_new == a_old  # signs[a_new_idx] == -1.0
                            for (mc, coeff) in cg.coeffs[M][a_new]
                                new_coeff_dict[mc] = -coeff
                            end
                        end
                    end
                    new_M_dict[a_new] = new_coeff_dict
                end
                cg.coeffs[M] = new_M_dict
                found = true
                break
            end
        end

        if !found
            # Try permutation + signs
            perms = dim_irrep == 2 ? [[1,2],[2,1]] :
                    [[1,2,3],[2,1,3],[1,3,2],[3,2,1],[2,3,1],[3,1,2]]
            found2 = false
            for pp in perms
                P = zeros(dim_irrep, dim_irrep)
                for i in 1:dim_irrep
                    P[i, pp[i]] = 1.0
                end
                for combo in 0:(2^dim_irrep - 1)
                    signs = [((combo >> k) & 1) == 1 ? -1.0 : 1.0 for k in 0:(dim_irrep-1)]
                    T = diagm(signs) * P
                    Tinv = P' * diagm(signs)

                    all_match = true
                    for i in 1:length(D_ref)
                        if !(Tinv * mats[i] * T ≈ D_ref[i])
                            all_match = false
                            break
                        end
                    end

                    if all_match
                        # Apply transformation
                        new_M_dict = Dict{Int, Dict{NTuple{N, Rational{Int}}, ComplexF64}}()
                        for (a_new_idx, a_new) in enumerate(a_keys)
                            new_coeff_dict = Dict{NTuple{N, Rational{Int}}, ComplexF64}()
                            for (a_old_idx, a_old) in enumerate(a_keys)
                                factor = T[a_new_idx, a_old_idx]
                                if abs(factor) > 1e-10
                                    for (mc, coeff) in cg.coeffs[M][a_old]
                                        new_coeff_dict[mc] = get(new_coeff_dict, mc, zero(ComplexF64)) + factor * coeff
                                    end
                                end
                            end
                            new_M_dict[a_new] = new_coeff_dict
                        end
                        cg.coeffs[M] = new_M_dict
                        found2 = true
                        break
                    end
                end
                if found2
                    break
                end
            end
            @assert found2 "Cannot fix S_N signs for N=$N j=$(cg.j) J=$(cg.J) $(cg.irrep) M=$M"
        end
    end
    return cg
end

"""
    charge_to_isospin_cg(N::Int, j::Rational{Int}, J::Rational{Int}, irrep::String; multiplicity::Int=1)
        -> ChargeToIsospinCG

返回从电荷基 |m₁,...,m_N⟩ 到 |J,M,[κ],a⟩ 的 CG 系数。
"""
function charge_to_isospin_cg(N::Int, j::Union{Rational{Int},Int}, J::Union{Rational{Int},Int},
                                irrep::String; multiplicity::Int=1)
    j_r = Rational{Int}(j)
    J_r = Rational{Int}(J)
    dim_irrep = get_SN_irrep_dim(N, irrep)

    if N == 2 && j_r == 1//2
        up, down = 1//2, -1//2
        r2inv = 1.0 / sqrt(2.0)

        if J_r == 1//1 && irrep == "[2]"
            return _build_cg_coeffs(Val(2), j_r, J_r, irrep, multiplicity, dim_irrep, [
                (-1//1, 1, [( (down, down), 1.0 )]),
                ( 0//1, 1, [( (down, up),   r2inv ),
                             ( (up, down),   r2inv )]),
                ( 1//1, 1, [( (up, up),     1.0 )]),
            ])
        elseif J_r == 0//1 && irrep == "[1,1]"
            return _build_cg_coeffs(Val(2), j_r, J_r, irrep, multiplicity, dim_irrep, [
                (0//1, 1, [( (up, down),    r2inv ),
                            ( (down, up),  -r2inv )]),
            ])
        else
            throw(ArgumentError("No such (J=$J_r, [κ]=$irrep) for N=2, j=1/2"))
        end

    elseif N == 3 && j_r == 1//2
        up, down = 1//2, -1//2
        r3inv = 1.0 / sqrt(3.0)
        r6inv = 1.0 / sqrt(6.0)
        r2inv = 1.0 / sqrt(2.0)
        s23 = sqrt(2.0/3.0)

        if J_r == 3//2 && irrep == "[3]"
            # [3] 全对称, a=1 only
            return _build_cg_coeffs(Val(3), j_r, J_r, irrep, multiplicity, dim_irrep, [
                (-3//2, 1, [( (down, down, down),  1.0 )]),
                (-1//2, 1, [( (down, down, up),   -r3inv ),
                             ( (up, down, down),   -r3inv ),
                             ( (down, up, down),   -r3inv )]),
                ( 1//2, 1, [( (down, up, up),     -r3inv ),
                             ( (up, up, down),    -r3inv ),
                             ( (up, down, up),    -r3inv )]),
                ( 3//2, 1, [( (up, up, up),        1.0 )]),
            ])
        elseif J_r == 1//2 && irrep == "[2,1]"
            # [2,1] Yamanouchi, a=1 (T1), a=2 (T2)
            return _build_cg_coeffs(Val(3), j_r, J_r, irrep, multiplicity, dim_irrep, [
                # a=1 (T1, s₁ eigenvalue +1)
                (-1//2, 1, [( (down, down, up),    s23 ),
                             ( (down, up, down),  -r6inv ),
                             ( (up, down, down),  -r6inv )]),
                ( 1//2, 1, [( (up, up, down),     -s23 ),
                             ( (up, down, up),     r6inv ),
                             ( (down, up, up),     r6inv )]),
                # a=2 (T2, s₁ eigenvalue -1)
                (-1//2, 2, [( (up, down, down),    r2inv ),
                             ( (down, up, down),  -r2inv )]),
                ( 1//2, 2, [( (up, down, up),     -r2inv ),
                             ( (down, up, up),     r2inv )]),
            ])
        else
            throw(ArgumentError("No such (J=$J_r, [κ]=$irrep) for N=3, j=1/2"))
        end

    elseif N == 4 && j_r == 1//2
        up, down = 1//2, -1//2
        r2inv = 1.0 / sqrt(2.0)
        r3inv = 1.0 / sqrt(3.0)
        r6inv = 1.0 / sqrt(6.0)
        r12inv = 1.0 / sqrt(12.0)
        s34 = sqrt(3.0/4.0)
        s23 = sqrt(2.0/3.0)
        s112 = sqrt(1.0/12.0)

        if J_r == 2//1 && irrep == "[4]"
            return _build_cg_coeffs(Val(4), j_r, J_r, irrep, multiplicity, dim_irrep, [
                (-2//1, 1, [( (down, down, down, down),  1.0 )]),
                (-1//1, 1, [( (down, down, down, up),  -0.5 ),
                             ( (up, down, down, down),  -0.5 ),
                             ( (down, up, down, down),  -0.5 ),
                             ( (down, down, up, down),  -0.5 )]),
                ( 0//1, 1, [( (down, up, down, up),    -r6inv ),
                             ( (up, up, down, down),   -r6inv ),
                             ( (up, down, up, down),   -r6inv ),
                             ( (down, up, up, down),   -r6inv ),
                             ( (up, down, down, up),   -r6inv ),
                             ( (down, down, up, up),   -r6inv )]),
                ( 1//1, 1, [( (up, up, up, down),      -0.5 ),
                             ( (up, up, down, up),     -0.5 ),
                             ( (up, down, up, up),     -0.5 ),
                             ( (down, up, up, up),     -0.5 )]),
                ( 2//1, 1, [( (up, up, up, up),         1.0 )]),
            ])
        elseif J_r == 1//1 && irrep == "[3,1]"
            return _build_cg_coeffs(Val(4), j_r, J_r, irrep, multiplicity, dim_irrep, [
                # a=1 (T1, s₁=+1, s₂=+1)
                (-1//1, 1, [( (down, down, down, up),  -s34 ),
                              ( (down, up, down, down),  s112 ),
                              ( (down, down, up, down),  s112 ),
                              ( (up, down, down, down),  s112 )]),
                ( 0//1, 1, [( (down, down, up, up),    -r6inv ),
                              ( (up, down, up, down),    r6inv ),
                              ( (down, up, up, down),    r6inv ),
                              ( (up, down, down, up),   -r6inv ),
                              ( (down, up, down, up),   -r6inv ),
                              ( (up, up, down, down),    r6inv )]),
                ( 1//1, 1, [( (up, up, up, down),      -s34 ),
                              ( (up, down, up, up),      s112 ),
                              ( (up, up, down, up),      s112 ),
                              ( (down, up, up, up),      s112 )]),
                # a=2 (T2, s₁=+1, s₂=-1/2)
                (-1//1, 2, [( (down, down, up, down),  -s23 ),
                              ( (down, up, down, down),  r6inv ),
                              ( (up, down, down, down),  r6inv )]),
                ( 0//1, 2, [( (down, down, up, up),     r3inv ),
                              ( (up, up, down, down),   -r3inv ),
                              ( (down, up, down, up),  -r12inv ),
                              ( (up, down, down, up),  -r12inv ),
                              ( (down, up, up, down),   r12inv ),
                              ( (up, down, up, down),   r12inv )]),
                ( 1//1, 2, [( (up, up, down, up),       s23 ),
                              ( (up, down, up, up),     -r6inv ),
                              ( (down, up, up, up),     -r6inv )]),
                # a=3 (T3, s₁=-1, s₂=+1/2)
                (-1//1, 3, [( (down, up, down, down),   r2inv ),
                              ( (up, down, down, down), -r2inv )]),
                ( 0//1, 3, [( (down, up, up, down),    -0.5 ),
                              ( (down, up, down, up),   -0.5 ),
                              ( (up, down, up, down),    0.5 ),
                              ( (up, down, down, up),    0.5 )]),
                ( 1//1, 3, [( (up, down, up, up),       r2inv ),
                              ( (down, up, up, up),     -r2inv )]),
            ])
        elseif J_r == 0//1 && irrep == "[2,2]"
            return _build_cg_coeffs(Val(4), j_r, J_r, irrep, multiplicity, dim_irrep, [
                # a=1 (T1, s₁=+1)
                (0//1, 1, [( (up, up, down, down),     -r3inv ),
                             ( (down, down, up, up),   -r3inv ),
                             ( (up, down, up, down),    r12inv ),
                             ( (up, down, down, up),    r12inv ),
                             ( (down, up, up, down),    r12inv ),
                             ( (down, up, down, up),    r12inv )]),
                # a=2 (T2, s₁=-1)
                (0//1, 2, [( (up, down, up, down),      0.5 ),
                             ( (up, down, down, up),    -0.5 ),
                             ( (down, up, up, down),    -0.5 ),
                             ( (down, up, down, up),     0.5 )]),
            ])
        else
            throw(ArgumentError("No such (J=$J_r, [κ]=$irrep) for N=4, j=1/2"))
        end

    elseif N == 2 && j_r == 1//1
        m0, m1, mm1 = 0//1, 1//1, -1//1
        r2inv = 1.0 / sqrt(2.0)
        r3inv = 1.0 / sqrt(3.0)
        r6inv = 1.0 / sqrt(6.0)

        if J_r == 2//1 && irrep == "[2]"
            return _build_cg_coeffs(Val(2), j_r, J_r, irrep, multiplicity, dim_irrep, [
                ( 2//1, 1, [((m1, m1), 1.0)]),
                ( 1//1, 1, [((m0, m1), r2inv), ((m1, m0), r2inv)]),
                ( 0//1, 1, [((m0, m0), sqrt(2.0/3.0)), ((m1, mm1), r6inv), ((mm1, m1), r6inv)]),
                (-1//1, 1, [((mm1, m0), r2inv), ((m0, mm1), r2inv)]),
                (-2//1, 1, [((mm1, mm1), 1.0)]),
            ])
        elseif J_r == 1//1 && irrep == "[1,1]"
            return _build_cg_coeffs(Val(2), j_r, J_r, irrep, multiplicity, dim_irrep, [
                ( 1//1, 1, [((m1, m0), -r2inv), ((m0, m1), r2inv)]),
                ( 0//1, 1, [((mm1, m1), -r2inv), ((m1, mm1), r2inv)]),
                (-1//1, 1, [((m0, mm1), r2inv), ((mm1, m0), -r2inv)]),
            ])
        elseif J_r == 0//1 && irrep == "[2]"
            return _build_cg_coeffs(Val(2), j_r, J_r, irrep, multiplicity, dim_irrep, [
                (0//1, 1, [((m1, mm1), -r3inv), ((m0, m0), r3inv), ((mm1, m1), -r3inv)]),
            ])
        else
            throw(ArgumentError("No such (J=$J_r, [κ]=$irrep) for N=2, j=1"))
        end

    elseif N == 3 && j_r == 1//1
        m0, m1, mm1 = 0//1, 1//1, -1//1
        r2inv = 1.0 / sqrt(2.0)
        r3inv = 1.0 / sqrt(3.0)
        r6inv = 1.0 / sqrt(6.0)
        r10inv = 1.0 / sqrt(10.0)
        r12inv = 1.0 / sqrt(12.0)
        r15inv = 1.0 / sqrt(15.0)
        s23 = sqrt(2.0/3.0)
        s25 = sqrt(2.0/5.0)
        s35 = sqrt(3.0/5.0)
        s415 = sqrt(4.0/15.0)

        if J_r == 3//1 && irrep == "[3]"
            # J=3, [3] totally symmetric, a=1 only
            return _build_cg_coeffs(Val(3), j_r, J_r, irrep, multiplicity, dim_irrep, [
                ( 3//1, 1, [((m1, m1, m1), -1.0)]),
                ( 2//1, 1, [((m0, m1, m1), r3inv), ((m1, m1, m0), r3inv), ((m1, m0, m1), r3inv)]),
                ( 1//1, 1, [((m1, m0, m0), s415), ((m0, m0, m1), s415), ((m0, m1, m0), s415),
                             ((m1, mm1, m1), r15inv), ((m1, m1, mm1), r15inv), ((mm1, m1, m1), r15inv)]),
                ( 0//1, 1, [((m0, m0, m0), -s25),
                             ((m1, m0, mm1), -r10inv), ((m0, m1, mm1), -r10inv), ((m1, mm1, m0), -r10inv),
                             ((mm1, m1, m0), -r10inv), ((m0, mm1, m1), -r10inv), ((mm1, m0, m1), -r10inv)]),
                (-1//1, 1, [((m0, mm1, m0), -s415), ((mm1, m0, m0), -s415), ((m0, m0, mm1), -s415),
                             ((mm1, m1, mm1), -r15inv), ((mm1, mm1, m1), -r15inv), ((m1, mm1, mm1), -r15inv)]),
                (-2//1, 1, [((m0, mm1, mm1), r3inv), ((mm1, m0, mm1), r3inv), ((mm1, mm1, m0), r3inv)]),
                (-3//1, 1, [((mm1, mm1, mm1), -1.0)]),
            ])
        elseif J_r == 2//1 && irrep == "[2,1]"
            # J=2, [2,1] mixed symmetry, a=1 (T1, s1=+1), a=2 (T2, s1=-1)
            return _build_cg_coeffs(Val(3), j_r, J_r, irrep, multiplicity, dim_irrep, [
                # a=1 (T1, s1 eigenvalue +1)
                ( 2//1, 1, [((m1, m1, m0), -s23), ((m1, m0, m1), r6inv), ((m0, m1, m1), r6inv)]),
                ( 1//1, 1, [((m0, m0, mm1), -r3inv), ((mm1, mm1, m1), r3inv),
                             ((mm1, m0, m0), r12inv), ((mm1, m1, mm1), -r12inv), ((m1, mm1, mm1), -r12inv), ((m0, mm1, m0), r12inv)]),
                ( 0//1, 1, [((m0, mm1, m1), -0.5), ((mm1, m0, m1), -0.5), ((m0, m1, mm1), 0.5), ((m1, m0, mm1), 0.5)]),
                (-1//1, 1, [((m1, m1, mm1), -r3inv), ((m0, m0, m1), r3inv),
                             ((mm1, m1, m1), r12inv), ((m1, mm1, m1), r12inv), ((m1, m0, m0), -r12inv), ((m0, m1, m0), -r12inv)]),
                (-2//1, 1, [((mm1, mm1, m0), -s23), ((m0, mm1, mm1), r6inv), ((mm1, m0, mm1), r6inv)]),
                # a=2 (T2, s1 eigenvalue -1)
                ( 2//1, 2, [((m1, m0, m1), r2inv), ((m0, m1, m1), -r2inv)]),
                ( 1//1, 2, [((m1, mm1, mm1), 0.5), ((m0, mm1, m0), 0.5), ((mm1, m1, mm1), -0.5), ((mm1, m0, m0), -0.5)]),
                ( 0//1, 2, [((mm1, m1, m0), -r3inv), ((m1, mm1, m0), r3inv),
                             ((m0, m1, mm1), -r12inv), ((mm1, m0, m1), -r12inv), ((m1, m0, mm1), r12inv), ((m0, mm1, m1), r12inv)]),
                (-1//1, 2, [((mm1, m1, m1), -0.5), ((m1, mm1, m1), 0.5), ((m0, m1, m0), -0.5), ((m1, m0, m0), 0.5)]),
                (-2//1, 2, [((m0, mm1, mm1), r2inv), ((mm1, m0, mm1), -r2inv)]),
            ])
        elseif J_r == 1//1 && irrep == "[3]"
            # J=1, [3] totally symmetric, a=1 only
            return _build_cg_coeffs(Val(3), j_r, J_r, irrep, multiplicity, dim_irrep, [
                ( 1//1, 1, [((m1, m1, mm1), -s415), ((m1, mm1, m1), -s415), ((mm1, m1, m1), -s415),
                             ((m0, m1, m0), r15inv), ((m0, m0, m1), r15inv), ((m1, m0, m0), r15inv)]),
                ( 0//1, 1, [((m0, m0, m0), s35),
                             ((m0, mm1, m1), -r15inv), ((m0, m1, mm1), -r15inv), ((mm1, m0, m1), -r15inv),
                             ((mm1, m1, m0), -r15inv), ((m1, mm1, m0), -r15inv), ((m1, m0, mm1), -r15inv)]),
